0,[1]
1,[2, 85, 0, 3]
2,[164, 1, 84]
3,[1, 6, 4]
4,[3, 5]
5,[4, 6]
6,[7, 3, 5, 12]
7,[8, 6, 13]
8,[9, 7, 14]
9,[10, 164, 8]
10,[11, 9]
11,[164, 10, 23]
12,[6, 18]
13,[7, 17]
14,[8, 15]
15,[14, 41, 16]
16,[42, 17, 15, 21]
17,[16, 18, 13, 20]
18,[17, 12, 19]
19,[18, 59]
20,[60, 17, 21]
21,[16, 20, 43]
22,[42, 37, 50, 51]
23,[37, 11, 24]
24,[23, 30, 29, 25]
25,[24]
26,[27]
27,[28, 26]
28,[27, 34, 29]
29,[24, 31, 28]
30,[32, 24, 31]
31,[170, 32, 29, 30]
32,[31, 30, 171]
33,[35, 170, 171]
34,[28, 35]
35,[34, 36, 33]
36,[35]
37,[22, 23, 38]
38,[37, 39, 40]
39,[38, 40]
40,[39, 38]
41,[15, 42]
42,[41, 16, 22]
43,[21, 44]
44,[43, 60, 62, 169]
45,[50, 171, 49]
46,[50, 49, 48, 65]
47,[172]
48,[46]
49,[45, 46, 172]
50,[22, 45, 46, 54]
51,[62, 52, 22, 54, 168]
52,[51, 175, 92]
53,[175]
54,[50, 55, 51]
55,[54, 173]
56,[173, 105]
57,[65]
58,[59, 87]
59,[19, 60, 58]
60,[59, 20, 44, 177]
61,[63, 165, 112, 169]
62,[44, 63, 51]
63,[62, 61]
64,[239, 134]
65,[57, 46, 174, 66]
66,[70, 67, 65]
67,[66]
68,[69]
69,[68, 70]
70,[71, 66, 69, 91]
71,[73, 72, 70]
72,[71]
73,[71]
74,[174, 75]
75,[74, 76]
76,[75, 77]
77,[76, 78]
78,[77, 79, 81]
79,[91, 80, 78]
80,[79]
81,[78, 86, 82]
82,[81, 83]
83,[82, 238]
84,[2]
85,[1]
86,[81, 98]
87,[58, 176]
88,[115, 89]
89,[88, 90, 118]
90,[89, 120]
91,[70, 79, 108, 94]
92,[52, 105, 107]
93,[168, 166, 111]
94,[91, 131, 132]
95,[96, 104]
96,[240, 95, 101]
97,[241, 98, 138]
98,[86, 99, 97]
99,[98, 100]
100,[99, 240]
101,[96, 102, 242]
102,[101, 103, 138]
103,[102, 104, 136]
104,[95, 103]
105,[92, 56, 106]
106,[105]
107,[92, 110, 108]
108,[107, 109, 91]
109,[108, 110]
110,[111, 107, 109, 128]
111,[93, 178, 110]
112,[113, 61]
113,[166, 112, 116, 114]
114,[113, 125]
115,[176, 180, 88]
116,[177, 113]
117,[180, 118, 122, 121]
118,[89, 117, 188]
119,[188]
120,[90, 188, 189]
121,[117]
122,[117, 181, 182]
123,[181]
124,[182, 183]
125,[114, 178, 179]
126,[179, 128]
127,[184, 185]
128,[110, 126, 129]
129,[128, 130]
130,[129]
131,[94]
132,[94, 133]
133,[152, 132, 149]
134,[64, 135]
135,[134]
136,[103, 137, 140]
137,[136, 138, 139]
138,[97, 137, 102]
139,[137, 140, 146]
140,[136, 139, 141]
141,[140, 142, 298]
142,[141, 143]
143,[142, 144]
144,[143, 145]
145,[144]
146,[147, 139, 299]
147,[245, 146, 148]
148,[147, 252, 306]
149,[151, 133, 150]
150,[151, 149, 252]
151,[152, 149, 150]
152,[153, 133, 151]
153,[154, 152]
154,[155, 153]
155,[154]
156,[157]
157,[156, 158]
158,[157, 159]
159,[158, 160, 244]
160,[159, 161]
161,[162, 160]
162,[243, 161, 244, 245]
163,[243]
164,[2, 11, 9]
165,[61, 167]
166,[93, 113]
167,[165, 168]
168,[167, 93, 51]
169,[61, 44]
170,[33, 31]
171,[45, 33, 32]
172,[49, 47]
173,[55, 56]
174,[65, 74]
175,[52, 53]
176,[87, 115]
177,[116, 60]
178,[125, 111]
179,[125, 126]
180,[115, 117]
181,[122, 123]
182,[122, 124]
183,[124, 184]
184,[183, 127]
185,[186, 127]
186,[187, 185]
187,[186, 198]
188,[118, 120, 119]
189,[120, 190, 191]
190,[189, 192, 193]
191,[189]
192,[190, 195]
193,[190, 194]
194,[193, 195]
195,[194, 192, 196]
196,[195, 197]
197,[196, 198]
198,[197, 187]
199,[200]
200,[199, 201]
201,[200, 202]
202,[201, 203, 221]
203,[202, 204]
204,[203, 205, 226]
205,[204, 206]
206,[205, 207]
207,[206, 208]
208,[207, 209]
209,[208, 210, 216]
210,[209, 216, 211]
211,[210, 212, 1250]
212,[211, 213, 1251]
213,[214, 220, 212]
214,[215, 213]
215,[219, 214]
216,[209, 210, 217]
217,[216, 218]
218,[217, 388, 408, 411]
219,[215]
220,[213]
221,[222, 202]
222,[223, 221, 224]
223,[222]
224,[222, 225]
225,[224]
226,[227, 204, 232]
227,[228, 230, 226]
228,[229, 227]
229,[230, 228, 231]
230,[229, 227]
231,[229]
232,[233, 226]
233,[235, 234, 232]
234,[233]
235,[236, 233]
236,[237, 235]
237,[236]
238,[83, 239]
239,[238, 64]
240,[100, 96]
241,[97, 242]
242,[241, 101]
243,[163, 162]
244,[162, 159, 246, 251]
245,[162, 147]
246,[244, 247, 248]
247,[246, 248]
248,[247, 246, 250, 249]
249,[248, 251, 250]
250,[248, 249, 252]
251,[244, 249]
252,[150, 250, 148]
253,[254, 260]
254,[253, 255, 256]
255,[254, 257]
256,[254, 258]
257,[255, 259]
258,[256, 259]
259,[257, 258, 266]
260,[261, 253, 263]
261,[260, 262]
262,[261, 263, 265]
263,[260, 262, 264]
264,[263]
265,[262]
266,[267, 259, 277]
267,[268, 266, 282]
268,[269, 274, 267]
269,[271, 268, 270]
270,[269]
271,[273, 269, 295]
272,[273]
273,[272, 271]
274,[275, 268]
275,[276, 274]
276,[275]
277,[266, 278]
278,[277, 290, 279]
279,[291, 278]
280,[281, 282]
281,[280]
282,[280, 267]
283,[284, 286]
284,[285, 283]
285,[284]
286,[283, 287]
287,[288, 286, 294]
288,[289, 287, 293]
289,[290, 288, 292]
290,[278, 289, 291]
291,[292, 279, 290]
292,[293, 291, 289]
293,[294, 292, 288]
294,[293, 287]
295,[271, 297, 1125, 1126]
296,[297]
297,[295, 296]
298,[141, 1135]
299,[300, 146]
300,[299, 302, 301]
301,[300, 303]
302,[304, 300, 303]
303,[301, 305, 302]
304,[302, 305, 306]
305,[303, 304]
306,[304, 148, 315]
307,[312, 308]
308,[307, 309, 311]
309,[308, 310, 316]
310,[309, 311]
311,[310, 308]
312,[314, 307]
313,[315, 314, 319, 321]
314,[313, 312, 318]
315,[306, 313]
316,[309, 317]
317,[316, 318, 465]
318,[317, 314]
319,[320, 313]
320,[319, 322, 327]
321,[313, 322, 466]
322,[321, 320, 323]
323,[322, 324, 326]
324,[323, 325]
325,[324]
326,[323, 327]
327,[326, 320, 328]
328,[327, 329, 337]
329,[331, 330, 328]
330,[331, 329, 336]
331,[332, 329, 330]
332,[333, 335, 331]
333,[334, 332]
334,[333]
335,[332]
336,[330, 338, 337]
337,[328, 336, 339]
338,[336, 340, 344]
339,[337, 477]
340,[343, 341, 338]
341,[342, 340]
342,[341]
343,[340]
344,[338, 345]
345,[344, 346, 351]
346,[345, 347, 349]
347,[346, 350, 348]
348,[351, 347]
349,[346, 1169]
350,[347, 1168]
351,[348, 345, 352]
352,[351, 353, 354]
353,[352]
354,[352, 355, 359]
355,[354, 356]
356,[355, 357, 360]
357,[358, 356, 362]
358,[359, 357, 379]
359,[354, 358]
360,[361, 356]
361,[362, 360]
362,[357, 361, 363]
363,[362, 364, 373]
364,[363, 365, 1163]
365,[368, 364, 366]
366,[365, 367, 369]
367,[366, 370, 376]
368,[371, 365, 369]
369,[366, 368, 370]
370,[367, 369, 372]
371,[373, 368, 372]
372,[370, 371, 374]
373,[363, 371, 374]
374,[372, 373, 375]
375,[374, 376, 377]
376,[367, 375, 1203]
377,[378, 375, 1095]
378,[379, 381, 377]
379,[358, 380, 378]
380,[379, 381]
381,[380, 378]
382,[383, 384]
383,[382]
384,[382, 385, 386]
385,[384]
386,[384, 387]
387,[386, 388]
388,[387, 218, 389]
389,[388, 390]
390,[391, 389]
391,[392, 390]
392,[393, 391]
393,[392]
394,[395, 397, 402]
395,[396, 394]
396,[395, 407]
397,[394, 398]
398,[399, 397]
399,[400, 398]
400,[401, 399]
401,[400]
402,[403, 394]
403,[402, 404]
404,[405, 403]
405,[406, 404]
406,[405, 417, 418]
407,[408, 396, 409]
408,[218, 407]
409,[410, 407, 432]
410,[412, 409, 433]
411,[218, 412, 413]
412,[411, 410, 423]
413,[411, 414]
414,[413, 415]
415,[414, 416, 421]
416,[415, 417, 426]
417,[416, 406, 428]
418,[419, 406]
419,[420, 418, 508]
420,[419, 431, 495]
421,[424, 426, 415, 422]
422,[423, 421]
423,[422, 412, 424]
424,[425, 423, 421]
425,[424, 427]
426,[427, 416, 421]
427,[425, 426, 428]
428,[427, 417, 429]
429,[428, 430]
430,[429, 431]
431,[430, 420]
432,[433, 409, 434]
433,[410, 432, 457]
434,[435, 432, 446]
435,[437, 436, 434]
436,[435]
437,[438, 435, 450]
438,[437]
439,[440]
440,[441, 439]
441,[442, 440]
442,[443, 441]
443,[444, 442]
444,[445, 443]
445,[444, 450, 452]
446,[447, 434, 448]
447,[446, 463]
448,[446, 449, 464]
449,[448]
450,[451, 437, 445]
451,[450]
452,[445, 453]
453,[455, 454, 452]
454,[453]
455,[456, 453]
456,[455]
457,[458, 433]
458,[459, 457, 468]
459,[460, 458, 487]
460,[461, 459]
461,[462, 460]
462,[461]
463,[467, 447]
464,[465, 448]
465,[317, 466, 464]
466,[321, 467, 465]
467,[466, 463, 468]
468,[467, 458, 469]
469,[468, 470, 471]
470,[469, 486]
471,[469, 476, 472]
472,[482, 471, 473]
473,[472, 474, 483]
474,[473, 475]
475,[474]
476,[471, 481]
477,[478, 339]
478,[477, 479]
479,[478, 480, 481]
480,[479]
481,[479, 476, 1114]
482,[472]
483,[473, 484, 485]
484,[483]
485,[483, 486, 489]
486,[470, 487, 485, 493]
487,[486, 488, 459]
488,[487]
489,[485, 492]
490,[491, 520]
491,[492, 490, 522]
492,[489, 491, 539]
493,[494, 486, 501]
494,[493]
495,[420, 496, 498]
496,[497, 495]
497,[496]
498,[495, 499, 500]
499,[498]
500,[498, 501, 507]
501,[493, 500, 502]
502,[501, 503, 505]
503,[502, 504]
504,[503, 516]
505,[502, 517]
506,[507, 508]
507,[500, 506, 509]
508,[506, 510, 419]
509,[507, 510, 511]
510,[508, 509, 530]
511,[509, 518, 512]
512,[513, 511]
513,[514, 512]
514,[515, 527, 513]
515,[514]
516,[504, 517]
517,[516, 505, 518]
518,[511, 517, 520, 519]
519,[518, 525, 526]
520,[518, 490, 521]
521,[525, 522, 520]
522,[491, 523, 521]
523,[522, 524]
524,[523, 525, 536]
525,[524, 521, 519]
526,[529, 519, 527]
527,[526, 528, 514]
528,[527, 529]
529,[526, 528]
530,[510, 531]
531,[530, 532]
532,[533, 531, 534]
533,[532, 536, 539]
534,[532, 535]
535,[534, 547]
536,[537, 524, 533]
537,[538, 536]
538,[537]
539,[533, 492, 540]
540,[541, 539, 544]
541,[542, 540]
542,[543, 541]
543,[542]
544,[540, 545, 571]
545,[544, 546, 550]
546,[545, 557, 556]
547,[535, 548]
548,[547, 549]
549,[548, 550, 564]
550,[551, 549, 545]
551,[552, 550]
552,[555, 553, 551]
553,[554, 552]
554,[553]
555,[552]
556,[546, 562, 559]
557,[558, 546]
558,[557, 570]
559,[556, 560, 566]
560,[559, 561]
561,[560, 565]
562,[563, 556]
563,[562]
564,[549]
565,[561]
566,[567, 559]
567,[568, 566]
568,[569, 567]
569,[568]
570,[558]
571,[572, 544, 575]
572,[574, 573, 571]
573,[572]
574,[572]
575,[571, 576, 578]
576,[575, 577]
577,[576]
578,[575, 584, 1119, 1124]
579,[580, 582, 583]
580,[581, 579]
581,[582, 580]
582,[581, 579]
583,[579, 584, 587]
584,[585, 578, 583]
585,[586, 584]
586,[585, 1116]
587,[588, 583]
588,[589, 587]
589,[588, 590, 593, 1118]
590,[591, 589]
591,[592, 590]
592,[591]
593,[594, 589]
594,[595, 593]
595,[596, 594]
596,[597, 595]
597,[598, 596]
598,[597, 601, 1104]
599,[600]
600,[601, 599]
601,[600, 603, 598]
602,[603]
603,[602, 601, 607]
604,[607, 606, 605]
605,[604]
606,[604]
607,[604, 603, 608]
608,[607, 609, 620]
609,[610, 608]
610,[611, 609, 615]
611,[612, 610]
612,[613, 611]
613,[614, 612]
614,[619, 613, 615]
615,[610, 614, 616]
616,[617, 619, 615]
617,[618, 616]
618,[617]
619,[616, 614]
620,[621, 608, 623]
621,[622, 620]
622,[621]
623,[620, 624]
624,[623, 625]
625,[624, 626, 627]
626,[625, 628, 635]
627,[625, 631, 632]
628,[629, 626]
629,[630, 628]
630,[631, 629]
631,[627, 630, 634]
632,[633, 627, 1029]
633,[634, 632, 819]
634,[633, 742, 631]
635,[626, 636, 640]
636,[637, 635]
637,[638, 636]
638,[639, 637]
639,[640, 638, 653]
640,[639, 635, 641, 643]
641,[642, 640]
642,[641]
643,[640, 644, 650]
644,[645, 643]
645,[644, 646, 647]
646,[645]
647,[645, 648, 650, 652]
648,[649, 647]
649,[648]
650,[647, 643, 651]
651,[652, 650]
652,[647, 651]
653,[639]
654,[655]
655,[656, 654]
656,[655, 657]
657,[658, 656]
658,[657, 659, 663, 661, 660]
659,[658]
660,[658, 688, 692]
661,[662, 658, 688]
662,[676, 661]
663,[658, 664]
664,[663, 665]
665,[667, 664, 671]
666,[667]
667,[666, 665, 668]
668,[667, 669]
669,[668, 670]
670,[669]
671,[675, 672, 665]
672,[671, 673, 674]
673,[679, 672, 678, 792]
674,[672, 681, 750]
675,[671]
676,[677, 687, 662]
677,[686, 676]
678,[673, 682]
679,[680, 673]
680,[679]
681,[674]
682,[678, 683]
683,[682, 684, 685, 686]
684,[683, 689]
685,[683, 705, 701]
686,[683, 677]
687,[676]
688,[661, 660, 689]
689,[684, 688, 690]
690,[691, 689, 700]
691,[690]
692,[693, 660, 700, 710]
693,[699, 692, 694]
694,[693, 695]
695,[694, 696]
696,[699, 697, 695]
697,[696, 698]
698,[697, 699]
699,[696, 698, 693]
700,[690, 701, 692]
701,[703, 685, 700]
702,[703, 710, 725]
703,[702, 701, 704]
704,[703, 705, 744]
705,[704, 685, 706]
706,[707, 709, 705]
707,[708, 706]
708,[709, 707]
709,[708, 706]
710,[702, 692, 711]
711,[710, 712, 717]
712,[713, 711]
713,[714, 712]
714,[715, 713]
715,[716, 714]
716,[715]
717,[718, 711, 721]
718,[719, 717]
719,[720, 718]
720,[719]
721,[717, 722, 730]
722,[723, 721]
723,[724, 722]
724,[723, 726]
725,[702]
726,[724, 727]
727,[726, 728]
728,[727, 729]
729,[728, 736, 739]
730,[721, 731, 756, 743]
731,[730, 732, 737]
732,[731, 733, 735]
733,[732, 734]
734,[733, 735]
735,[734, 732]
736,[729, 737]
737,[736, 738, 731]
738,[737, 739, 740]
739,[729, 738, 753]
740,[738, 754, 741]
741,[740, 756]
742,[743, 634, 772]
743,[742, 757, 730]
744,[745, 704]
745,[746, 744]
746,[747, 745]
747,[746, 748]
748,[747, 749]
749,[748]
750,[751, 674]
751,[752, 750]
752,[755, 753, 751]
753,[754, 739, 752]
754,[740, 753, 755]
755,[752, 754]
756,[741, 730, 775, 776]
757,[758, 743]
758,[760, 759, 757]
759,[758]
760,[762, 758, 761]
761,[760, 763]
762,[760, 763, 764]
763,[761, 762, 766]
764,[765, 762, 768]
765,[766, 764]
766,[763, 765, 767]
767,[766, 771, 778]
768,[770, 769, 764]
769,[768]
770,[768]
771,[767, 774]
772,[773, 742]
773,[772, 815]
774,[778, 775, 771]
775,[777, 774, 756]
776,[777, 756, 793]
777,[778, 776, 775]
778,[767, 777, 774]
779,[780, 782]
780,[781, 779]
781,[782, 780]
782,[781, 779, 783]
783,[782, 784, 786]
784,[785, 783]
785,[784]
786,[787, 783, 789]
787,[788, 786]
788,[787, 789, 790, 832]
789,[786, 788, 793, 801]
790,[791, 788]
791,[790]
792,[673]
793,[789, 776, 794]
794,[795, 796, 793, 799]
795,[797, 794, 805]
796,[794]
797,[798, 795]
798,[797]
799,[800, 794, 810]
800,[801, 799]
801,[789, 802, 800]
802,[801, 804, 803]
803,[802]
804,[802]
805,[795, 806, 812]
806,[805, 807]
807,[806, 808, 809]
808,[807]
809,[807, 811, 849]
810,[799]
811,[809, 852]
812,[805, 813]
813,[812, 815, 814]
814,[813, 817, 833]
815,[773, 813, 816]
816,[815]
817,[814, 818, 819]
818,[817, 824, 825, 829]
819,[817, 633, 822]
820,[821]
821,[822, 823, 820]
822,[823, 819, 821]
823,[822, 821, 827]
824,[818, 826]
825,[826, 818, 831]
826,[828, 825, 824]
827,[828, 823]
828,[826, 827]
829,[830, 818]
830,[831, 829, 835]
831,[825, 830]
832,[788, 839, 855]
833,[834, 814, 845]
834,[833, 835]
835,[830, 836, 834]
836,[837, 835, 859]
837,[838, 836]
838,[837, 857, 858, 862]
839,[832, 840, 870]
840,[839, 841, 872]
841,[840, 842]
842,[841, 843]
843,[842, 844]
844,[843, 876]
845,[846, 833, 856]
846,[847, 845]
847,[848, 856, 846]
848,[849, 847, 857]
849,[850, 809, 848]
850,[851, 849]
851,[850]
852,[811, 853]
853,[854, 852]
854,[855, 853]
855,[854, 832, 881, 910]
856,[847, 845, 857]
857,[848, 856, 838, 865]
858,[861, 838, 859]
859,[860, 858, 836]
860,[861, 859]
861,[858, 860]
862,[838, 863]
863,[862, 864]
864,[863, 865, 869]
865,[864, 857, 866]
866,[867, 865, 909]
867,[868, 866]
868,[867]
869,[864]
870,[839, 871]
871,[870, 872, 873]
872,[840, 871]
873,[871, 874, 875]
874,[873]
875,[873]
876,[877, 844]
877,[878, 876]
878,[879, 877]
879,[880, 878]
880,[882, 879]
881,[882, 855, 884]
882,[883, 881, 880]
883,[882]
884,[885, 881, 907]
885,[886, 884, 887]
886,[891, 885]
887,[885, 888]
888,[887, 889]
889,[888, 890]
890,[889, 893]
891,[892, 886, 901]
892,[891]
893,[890, 894, 896]
894,[895, 893]
895,[894]
896,[897, 893]
897,[896]
898,[899, 905]
899,[900, 904, 898]
900,[902, 899, 901]
901,[900, 891, 906]
902,[903, 900]
903,[902]
904,[899]
905,[898]
906,[901, 921]
907,[908, 884]
908,[907, 912, 916, 918]
909,[910, 866, 912, 952]
910,[855, 911, 909]
911,[910]
912,[909, 908, 913]
913,[914, 912]
914,[915, 913]
915,[914]
916,[917, 908, 925]
917,[918, 919, 916]
918,[920, 917, 908]
919,[917, 926, 932, 934]
920,[924, 918, 926]
921,[922, 906, 924]
922,[921, 923]
923,[922]
924,[921, 920, 927]
925,[916, 960, 962]
926,[919, 920, 929]
927,[924, 928]
928,[927, 929]
929,[926, 928, 930]
930,[931, 929]
931,[930]
932,[919, 933, 963]
933,[932, 934, 964]
934,[933, 935, 919]
935,[934, 938, 936]
936,[935, 937]
937,[936, 938, 939]
938,[935, 937, 941]
939,[940, 937]
940,[941, 939, 942]
941,[938, 940, 951]
942,[943, 940]
943,[944, 948, 942]
944,[947, 945, 943]
945,[946, 944]
946,[947, 945]
947,[949, 944, 946]
948,[950, 943]
949,[950, 947]
950,[948, 949]
951,[941]
952,[909, 953, 961]
953,[954, 952]
954,[955, 953]
955,[956, 954]
956,[957, 955]
957,[958, 956]
958,[959, 957]
959,[960, 958]
960,[925, 959]
961,[952, 962, 988, 997]
962,[961, 925, 963, 987]
963,[962, 932, 964, 967]
964,[963, 933, 965]
965,[964, 966]
966,[965]
967,[963, 968, 977]
968,[969, 967, 972]
969,[970, 968]
970,[971, 969]
971,[972, 975, 970]
972,[973, 971, 968]
973,[974, 972, 976]
974,[975, 973]
975,[974, 971]
976,[973, 977, 978]
977,[967, 976, 980]
978,[979, 976, 980, 981]
979,[978]
980,[978, 977, 982]
981,[982, 978, 983]
982,[980, 981]
983,[981, 984]
984,[985, 983]
985,[986, 984]
986,[987, 985]
987,[986, 962, 1022]
988,[961, 993, 990, 995]
989,[990, 992]
990,[991, 988, 989]
991,[993, 990, 992]
992,[989, 991]
993,[988, 994, 991]
994,[993]
995,[996, 988]
996,[995]
997,[961, 1000, 999]
998,[999, 1001, 1005, 1010]
999,[997, 998, 1000]
1000,[997, 1020, 999]
1001,[1002, 998]
1002,[1001, 1003]
1003,[1002, 1004, 1047]
1004,[1003, 1039, 1054, 1077]
1005,[1006, 1008, 998]
1006,[1007, 1005, 1015, 1009]
1007,[1008, 1006]
1008,[1007, 1005, 1057]
1009,[1010, 1006, 1014]
1010,[1011, 1013, 998, 1009]
1011,[1012, 1010]
1012,[1013, 1011]
1013,[1014, 1012, 1010]
1014,[1015, 1013, 1009]
1015,[1006, 1014, 1018, 1016]
1016,[1015, 1017, 1019]
1017,[1016, 1018]
1018,[1015, 1017]
1019,[1016, 1020, 1058]
1020,[1019, 1021, 1000]
1021,[1020]
1022,[987, 1023]
1023,[1022, 1068, 1069]
1024,[1025]
1025,[1024, 1026]
1026,[1025, 1058]
1027,[1028, 1033]
1028,[1029, 1027, 1034]
1029,[1030, 1032, 632, 1028]
1030,[1031, 1029]
1031,[1032, 1030]
1032,[1031, 1029, 1035]
1033,[1027]
1034,[1028]
1035,[1032, 1036, 1039]
1036,[1037, 1035]
1037,[1038, 1036]
1038,[1037, 1040]
1039,[1035, 1004, 1040]
1040,[1038, 1039, 1041]
1041,[1046, 1040, 1042]
1042,[1043, 1041]
1043,[1044, 1046, 1042]
1044,[1045, 1043]
1045,[1046, 1044]
1046,[1041, 1045, 1043]
1047,[1048, 1003]
1048,[1049, 1047]
1049,[1050, 1048]
1050,[1051, 1049]
1051,[1052, 1050]
1052,[1053, 1051]
1053,[1052]
1054,[1004, 1055, 1057]
1055,[1056, 1054]
1056,[1055]
1057,[1054, 1008, 1076, 1226]
1058,[1019, 1059, 1026, 1075]
1059,[1058, 1060]
1060,[1059, 1061, 1073]
1061,[1060, 1062, 1074]
1062,[1061, 1063]
1063,[1062, 1068, 1064]
1064,[1063, 1065]
1065,[1064, 1066]
1066,[1065, 1067]
1067,[1066, 1068]
1068,[1063, 1067, 1023]
1069,[1023, 1070]
1070,[1074, 1069, 1071]
1071,[1070, 1072]
1072,[1071, 1073]
1073,[1060, 1074, 1072]
1074,[1061, 1073, 1070]
1075,[1058, 1076]
1076,[1075, 1057, 1244]
1077,[1004, 1078, 1079]
1078,[1077]
1079,[1080, 1077]
1080,[1081, 1079]
1081,[1082, 1080]
1082,[1081]
1083,[1084, 1091]
1084,[1083, 1085, 1090]
1085,[1086, 1084]
1086,[1087, 1085]
1087,[1089, 1086]
1088,[1089, 1158, 1156]
1089,[1088, 1087]
1090,[1084, 1154, 1228]
1091,[1083, 1092, 1094]
1092,[1093, 1091, 1094]
1093,[1092, 1096, 1095]
1094,[1091, 1092, 1107]
1095,[1093, 1097, 377, 1096]
1096,[1093, 1097, 1095, 1098]
1097,[1095, 1096, 1112]
1098,[1101, 1100, 1096, 1099]
1099,[1100, 1101, 1098, 1115]
1100,[1098, 1099, 1110]
1101,[1098, 1099, 1102]
1102,[1103, 1101]
1103,[1104, 1102, 1105]
1104,[598, 1103]
1105,[1106, 1103, 1109]
1106,[1105, 1109, 1114]
1107,[1108, 1094, 1111]
1108,[1107, 1111, 1113]
1109,[1110, 1105, 1106]
1110,[1100, 1109]
1111,[1108, 1107, 1112]
1112,[1111, 1097]
1113,[1108, 1114]
1114,[1106, 1113, 481]
1115,[1099, 1116, 1119]
1116,[1117, 1118, 586, 1115]
1117,[1118, 1116]
1118,[589, 1117, 1116]
1119,[1120, 1115, 578]
1120,[1121, 1119]
1121,[1122, 1120]
1122,[1123, 1121]
1123,[1122, 1124]
1124,[578, 1123]
1125,[295]
1126,[295, 1127, 1140]
1127,[1128, 1126, 1129]
1128,[1127, 1130, 1137]
1129,[1127]
1130,[1131, 1128]
1131,[1134, 1132, 1130]
1132,[1133, 1131]
1133,[1134, 1132]
1134,[1131, 1133]
1135,[1136, 298]
1136,[1137, 1135]
1137,[1136, 1128, 1181]
1138,[1139, 1142]
1139,[1140, 1138, 1141]
1140,[1126, 1139, 1143]
1141,[1139, 1142]
1142,[1138, 1141, 1144]
1143,[1140]
1144,[1145, 1142]
1145,[1146, 1144, 1148]
1146,[1147, 1145]
1147,[1151, 1146, 1148]
1148,[1145, 1149, 1147]
1149,[1148, 1150, 1152]
1150,[1149]
1151,[1147, 1152, 1238]
1152,[1149, 1153, 1151]
1153,[1152, 1181, 1187]
1154,[1155, 1090]
1155,[1154, 1161, 1220]
1156,[1088, 1157]
1157,[1156, 1158]
1158,[1160, 1159, 1088, 1157]
1159,[1158, 1161, 1223, 1226]
1160,[1158]
1161,[1155, 1159]
1162,[1222, 1225]
1163,[364, 1175, 1164]
1164,[1165, 1163, 1174]
1165,[1173, 1166, 1164]
1166,[1167, 1172, 1165]
1167,[1168, 1171, 1166]
1168,[1169, 1167, 350]
1169,[349, 1170, 1168]
1170,[1169, 1171, 1177]
1171,[1170, 1167, 1172, 1178]
1172,[1173, 1171, 1166]
1173,[1172, 1165, 1176]
1174,[1164, 1175]
1175,[1163, 1174, 1176]
1176,[1175, 1173, 1184, 1197]
1177,[1170, 1178, 1179]
1178,[1171, 1177, 1180, 1184]
1179,[1177, 1182, 1180]
1180,[1178, 1179, 1183]
1181,[1182, 1153, 1137]
1182,[1181, 1179, 1186]
1183,[1184, 1180, 1185]
1184,[1178, 1176, 1183, 1196]
1185,[1183, 1186, 1191]
1186,[1185, 1182, 1187, 1190]
1187,[1153, 1189, 1188, 1186, 1215]
1188,[1187]
1189,[1187]
1190,[1192, 1186, 1214]
1191,[1185, 1192, 1193]
1192,[1190, 1191, 1194]
1193,[1195, 1191, 1196]
1194,[1195, 1192]
1195,[1194, 1193, 1200, 1201]
1196,[1199, 1193, 1184, 1197]
1197,[1196, 1198, 1176]
1198,[1199, 1197, 1202]
1199,[1201, 1196, 1198]
1200,[1195]
1201,[1195, 1199]
1202,[1198, 1203, 1212]
1203,[1202, 376, 1204]
1204,[1203, 1207, 1205]
1205,[1206, 1204, 1208]
1206,[1207, 1205, 1209]
1207,[1204, 1206]
1208,[1205, 1211, 1209]
1209,[1210, 1206, 1208]
1210,[1211, 1209]
1211,[1212, 1210, 1208]
1212,[1211, 1202, 1213]
1213,[1212, 1214, 1220, 1234]
1214,[1190, 1213, 1215]
1215,[1214, 1187, 1216]
1216,[1215, 1217, 1231, 1233]
1217,[1216, 1218, 1219]
1218,[1217]
1219,[1217]
1220,[1221, 1213, 1155, 1222]
1221,[1220]
1222,[1220, 1162]
1223,[1224, 1159]
1224,[1223]
1225,[1162, 1236, 1241]
1226,[1159, 1057]
1227,[1228]
1228,[1090, 1227, 1229, 1230]
1229,[1228]
1230,[1228]
1231,[1216, 1232, 1240]
1232,[1231, 1233]
1233,[1232, 1216, 1234]
1234,[1213, 1233, 1235, 1236]
1235,[1234, 1237, 1236]
1236,[1234, 1225, 1237, 1235]
1237,[1239, 1235, 1236]
1238,[1151, 1239]
1239,[1240, 1238, 1237]
1240,[1231, 1239]
1241,[1225, 1242]
1242,[1241, 1243]
1243,[1242, 1244, 1248]
1244,[1243, 1076, 1245]
1245,[1246, 1244]
1246,[1247, 1245]
1247,[1246]
1248,[1249, 1243]
1249,[1248]
1250,[211]
1251,[212]
